600 0.91837 10000
1 835 791
1 1896 1654
1 1254 1579
1 351 384
1 1477 1341
1 1177 2927
1 2572 2263
1 69 1753
1 1075 1066
1 2383 3074
1 1074 924
1 921 829
1 9 2684
1 326 451
1 219 277
1 1056 1375
1 1011 1022
1 506 571
1 269 344
1 127 538
1 512 580
1 575 1087
1 1003 1184
1 2868 5354
1 6382 6518
1 497 786
1 188 167
1 76 147
1 205 3948
1 16 1816
1 1248 1224
1 1886 1593
1 384 909
1 239 384
1 950 978
1 8 865
1 312 391
1 19 284
1 3249 4725
1 482 462
1 400 464
1 817 949
1 473 414
1 2189 2695
1 721 673
1 307 3179
1 438 422
1 1128 3984
1 145 269
1 209 448
1 887 933
1 479 1189
1 466 401
1 1989 3500
1 765 877
1 128 453
1 5038 6523
1 875 2328
1 1402 2110
1 2505 2147
1 224 855
1 2018 3681
1 241 1720
1 1093 3701
1 4144 6441
1 60 529
1 652 3539
1 2373 2199
1 218 199
1 374 716
1 1863 1773
1 181 375
1 2333 4522
1 19 245
1 1425 2649
1 643 2470
1 310 2342
1 160 830
1 236 2364
1 2005 3450
1 490 453
1 545 532
1 303 1957
1 215 364
1 364 313
1 140 295
1 2001 4240
1 374 544
1 552 607
1 360 582
1 1980 1789
1 629 644
1 85 1921
1 478 558
1 314 300
1 17 1105
1 2431 2432
1 15 405
1 211 368
1 3119 3474
1 75 417
1 429 636
1 856 7261
1 209 315
1 410 559
1 279 404
1 252 355
1 589 538
1 412 665
1 140 406
1 1561 3245
1 14 309
1 83 707
1 10 551
1 235 394
1 1572 2076
1 504 2076
1 1045 1294
1 2221 2621
1 341 391
1 932 2169
1 735 1313
1 2803 2660
1 56 2011
1 438 661
1 532 875
1 796 2274
1 120 490
1 55 3364
1 459 1085
1 4136 4668
1 1884 2778
1 1044 1470
1 146 345
1 818 958
1 2172 2304
1 912 1676
1 2098 3314
1 863 925
1 2071 1768
1 202 199
1 194 2043
1 478 764
1 113 546
1 699 2389
1 5842 5191
1 2438 2108
1 1535 1846
1 4262 3915
1 246 322
1 503 650
1 28 560
1 1451 3316
1 463 1094
1 54 541
1 176 561
1 39 148
1 1660 2180
1 186 240
1 522 630
1 132 250
1 930 927
1 2228 5953
1 1769 1824
1 3263 5788
1 300 1601
1 1458 1798
1 233 1068
1 378 1322
1 332 582
1 3631 6753
1 730 3114
1 2506 3584
1 2616 2197
1 220 367
1 793 674
1 6210 6839
1 3440 3329
1 1575 2029
1 86 1786
1 559 710
1 151 374
1 1261 2185
1 6 320
1 436 3203
1 595 625
1 121 413
1 2329 3214
1 476 3499
1 1795 1696
1 1097 1596
1 488 439
1 39 126
1 68 483
1 44 505
1 939 1259
1 2505 2956
1 74 549
1 1368 1402
1 468 622
1 771 727
1 54 162
1 2109 2297
1 372 389
1 87 647
1 371 546
1 35 690
1 250 1182
1 330 579
1 93 1453
1 1070 1727
1 83 678
1 1479 2058
1 795 732
1 433 1521
1 1942 2069
1 472 613
1 67 1407
1 96 117
1 943 2305
1 3051 3363
1 2318 3272
1 3661 4403
1 282 388
1 164 169
1 1542 2136
1 531 3163
1 605 1095
1 1002 2092
1 412 409
1 504 851
1 2552 2300
1 3676 3371
1 393 1468
1 9 837
1 1840 2758
1 481 2147
1 2 416
1 411 2061
1 134 1040
1 3232 3310
1 1898 4442
1 116 362
1 2939 2641
1 28 395
1 745 770
1 2542 2240
1 671 736
1 922 861
1 1424 3407
1 167 720
1 103 396
1 673 1011
1 13 221
1 1894 5646
1 752 667
1 294 924
1 151 192
1 51 534
1 140 266
1 671 586
1 516 590
1 331 430
1 128 205
1 305 413
1 1176 1635
1 695 641
1 2251 2061
1 1051 4000
1 1692 2273
1 276 350
1 56 189
1 376 373
1 531 1446
1 18 459
1 1547 2420
1 499 467
1 78 2307
1 3582 3414
1 71 1763
1 1090 2385
1 532 2242
1 5274 4512
1 1835 2575
1 398 739
1 66 1069
1 85 267
1 211 250
1 300 4120
1 317 280
1 235 1336
1 192 445
1 121 390
1 181 1985
1 199 292
1 172 237
1 1288 2104
1 599 816
1 181 853
1 64 301
1 2250 2175
1 212 179
1 541 461
1 3091 3171
1 2003 2073
1 82 739
1 247 319
1 1729 2360
1 12 2640
1 214 201
1 612 1001
1 13 356
1 151 342
1 177 356
1 2884 2738
1 511 790
1 1411 1330
1 234 446
1 91 276
1 142 451
1 270 604
1 1268 1151
1 109 224
1 2300 1954
1 360 480
1 888 1043
1 565 483
1 442 1303
1 1426 1690
1 1749 3412
1 1438 3775
1 998 3081
1 247 309
1 556 481
1 74 473
1 78 156
1 1569 2213
1 972 872
1 252 1124
1 182 362
1 971 1449
1 180 425
1 994 1202
1 1076 1693
1 1580 1331
1 208 457
1 31 1523
1 77 2281
1 2144 2738
1 3807 4575
1 184 363
1 338 1249
1 470 495
1 1225 2751
1 2823 2629
1 42 356
1 486 900
1 13 391
1 2022 1777
1 3038 2731
1 537 2566
1 1714 1685
1 693 885
1 440 469
1 347 508
1 3842 4060
1 1431 1521
1 8 796
1 971 1694
2 227 420
1 370 516
1 384 1665
3 518 477
1 115 611
2 442 685
1 301 3496
2 271 841
1 215 2372
1 1592 2001
5 268 890
2 465 816
1 96 1053
1 998 1166
1 765 668
1 1557 2395
1 534 1812
1 2449 3195
1 95 610
2 862 811
1 1046 1311
1 410 2659
1 4688 5276
1 346 563
1 1861 5659
1 104 522
1 55 727
1 545 1635
1 131 378
1 290 1211
1 2156 3201
1 461 3640
1 11 267
1 1165 1000
1 82 641
1 434 415
1 1251 1271
2 132 721
1 259 461
1 454 625
1 1116 1517
1 665 2067
1 377 541
1 2927 2469
2 294 684
1 46 2232
5 140 960
2 629 862
1 861 2492
3 434 804
1 760 771
1 362 2848
2 2007 2579
14 1929 2605
9 509 1134
1 168 1342
2 784 1631
3 428 1087
1 1519 1924
8 1399 2172
1 8871 8645
1 1536 2128
11 2425 2321
7 1160 1433
1 23 763
1 667 2389
2 1037 1203
1 673 2057
3 1800 1832
2 6 1160
3 3178 2868
11 487 2515
5 2688 2612
2 1454 2527
6 2189 2593
1 605 2915
1 1363 2086
1 317 2093
1 2547 2303
1 1921 2833
10 1341 2736
2 1842 1590
3 372 1473
16 1771 1967
4 1059 1723
1 1186 1198
10 546 1866
3 739 1004
2 1135 957
2 355 1173
4 314 1473
1 1067 1372
1 2101 2696
1 1923 2001
1 2539 2617
6 966 1639
1 3767 5113
1 1321 3107
1 202 2189
6 2215 2526
5 2205 2033
1 2680 2930
4 585 1562
1 754 1949
1 218 1709
7 739 2793
1 1594 2343
1 2153 2492
2 1309 1869
1 266 2531
1 1010 2949
1 1089 2930
2 5113 4813
4 3394 6434
5 4497 4607
1 3200 3858
3 2073 3287
19 1416 7968
10 3022 7034
1 148 3773
2 6794 6161
17 4297 4903
11 7394 6430
1 2547 3380
25 4434 6847
1 1530 2533
14 9064 7739
12 5316 5157
18 9336 7895
25 4671 5891
40 2908 5836
1 2606 3453
2 2260 5538
1 2880 7436
16 6709 6562
3 1970 4125
11 2405 3816
3 3677 6718
12 3440 4292
2 319 2967
1 911 2421
13 3051 6778
4 3077 5658
3 771 3053
1 2429 4158
9 857 7687
24 5890 6165
4 3985 5352
18 2407 7313
1 3462 3884
13 8525 7569
18 3299 6802
3 522 2575
12 6979 6615
22 3045 6624
3 5077 4552
3 2665 3582
15 850 7013
9 5300 5963
3 1810 5966
5 2345 4926
10 1850 4390
4 2448 2749
19 2687 7245
1 1444 2619
2 2920 4622
1 3309 3316
17 2557 6285
3 766 3165
3 3195 5133
34 4294 4192
3 3796 7218
1 4149 8431
22 3105 9258
27 6929 8206
4 5797 8036
18 4933 8173
18 3206 8871
41 3200 9405
11 9469 9107
9 2537 8318
27 811 8581
14 7553 7991
3 2144 7758
4 4852 8189
6 3850 7498
2 7671 7921
6 6310 7916
4 6974 8454
18 1763 7945
11 5915 8481
5 8474 8186
2 9778 8180
18 5111 8538
25 4824 8961
8 4880 8545
2 3095 6812
19 7018 8596
4 9073 8848
3 6140 6830
11 7128 9223
3 4210 8069
35 9901 8961
19 2245 8376
11 5300 8021
5 4096 8475
2 2168 6996
10 7912 8418
5 4017 8527
1 5862 4988
3 3564 6614
2 1219 5950
4 7883 8237
7 4849 9182
5 4587 8292
3 7338 7515
5 2550 7928
72 9135 8845
13 10726 9960
7 939 7988
12 9296 9139
11 4617 8131
4 495 8621
13 6461 9557
1 1054 4120
21 2757 8552
3 8973 7726
43 5698 8204
3 214 8611
47 4007 9247
29 3893 9166
